[app/ui]
version = 9.2.1
modtime = 1713385912.262215000

[app/launcher]
version = 9.2.1
modtime = 1713385912.269764000
